testDta trueData
11.6850582205 12.0
18.1902752349 15.2
21.3848893476 21.0
31.4920125332 24.0
24.4892857635 19.4
25.9252614554 22.2
25.5596479771 23.3
20.9368161258 15.6
24.1974473238 20.8
1.39160111115 13.8
24.911695164 19.6
20.0592437456 27.1
35.0476793721 36.5
11.0010686864 15.2
14.4071243165 11.7
14.3187939915 14.1
13.1115144747 17.2
20.3349902857 16.8
30.4800912074 32.9
21.9978653318 21.4
33.0338361118 32.4
32.0152428658 23.5
24.9937909831 20.4
16.002049611 13.1
19.4136863685 12.6
8.34356946989 10.4
31.6668290766 50.0
15.7893178065 23.1
14.2831815513 13.4
22.7947196277 24.3
29.1502639896 25.0
6.16548659812 7.4
-0.594974179194 7.0
22.5004612423 22.0
25.3011772243 15.3
11.0795935553 8.4
18.013403327 16.4
16.4124842062 18.1
30.0463821434 43.8
16.7612187419 8.5
22.322663622 18.6
24.0981694203 21.1
35.199872039 50.0
10.3296035921 11.8
16.0771769274 17.4
35.2885079205 33.3
15.9709635514 14.8
6.1652630298 8.8
24.1824967692 26.6
20.6014542627 16.8
36.1494882796 30.1
6.11556600281 23.7
35.5175082032 50.0
16.0014372637 19.5
19.9307731505 16.1
24.9488342428 24.1
19.6991399888 20.4
31.8626898313 36.4
32.7592266655 41.3
18.2718306641 21.7
19.5491583756 21.7
10.4477025846 14.0
21.2034987196 21.7
19.2933197711 20.4
21.2804990046 20.0
30.0278996389 34.7
30.6675756242 24.5
17.9066831169 11.7
16.8338444493 14.3
19.346732704 13.1
23.0361417184 17.4
18.909748902 20.1
18.0442303696 19.5
21.8931776031 21.0
32.3645044318 30.1
17.4177974773 18.4
33.2685018167 34.6
22.7360069949 20.1
37.3984826068 43.5
27.2292848014 21.6
20.134815559 18.3
23.2067085968 21.4
25.2186041341 18.9
11.4789071209 13.4
32.5394344119 30.8
26.1481799737 25.0
27.6665329167 25.2
12.9638012168 8.8
31.3680869331 31.1
10.0484318239 13.4
32.564855372 48.3
19.4987557884 17.8
11.2634002107 5.6
12.1706354592 12.7
21.2884432976 16.1
22.3246168111 20.9
18.4793770863 19.9
14.1366691818 13.9
26.5377682777 22.6
19.7580166047 21.2
24.1110259324 21.2
24.2989790735 22.9
26.6855424809 20.5
31.3878304058 22.8
27.59839248 19.4
21.1374808336 21.7
28.4798414768 23.1
24.478263073 26.5
24.5039113829 18.5
18.8697860694 20.2
15.6782138468 27.5
34.923514755 50.0
20.3485404322 21.9
22.9018340618 23.4
30.1228641756 32.7
17.796102643 14.9
14.5857516032 15.6
22.1249872181 20.3
13.3171707236 11.9
30.2945785353 30.5
30.6053673495 31.6
29.2651908124 21.9
26.5716807364 25.0
25.2642636776 23.0
23.2949129818 17.0
7.61918896598 7.2
33.208901683 44.8
21.8418120927 16.0
30.9674702618 38.7
23.1491132348 20.4
17.8273274435 22.5
19.2409521891 21.7
13.3662981831 12.7
14.2824276904 5.0
20.6191582315 21.4
25.4795048511 23.7
24.6817296257 21.0
23.4024962631 19.5
24.8999845829 20.1
30.0972043222 24.6
31.1301136204 36.1
27.7264004806 23.0
22.2503249231 18.5
32.0917675142 32.5
19.192440861 19.1
30.398328159 23.3
22.9688856392 18.5
21.7309818236 21.5
20.7077858295 19.3
27.4789813386 26.4
32.5308879982 31.0
26.3097486115 22.3
12.2802451441 13.3
5.85268698904 7.0
31.1387031576 22.5
23.3279232537 27.5
29.536394891 30.1
7.35393812907 10.2
20.1219985761 20.0
24.4343888254 25.0
18.4120428343 17.8
20.6383592157 13.8
33.7481766216 32.0
28.4983053101 23.7
26.3045537149 23.8
17.5513159628 16.7
25.7771675842 23.8
19.8396879028 18.8
