testDta trueData
11.1943528711 12.0
19.1884471232 15.2
20.965303745 21.0
30.7421434627 24.0
23.2497088993 19.4
23.0823433008 22.2
22.4292748614 23.3
23.9212508371 15.6
19.7664703359 20.8
0.271916298261 13.8
21.1883267416 19.6
19.1127453402 27.1
36.8827263015 36.5
10.6097602032 15.2
13.7534111543 11.7
17.2054905619 14.1
15.840701602 17.2
22.3972398715 16.8
31.0867535759 32.9
22.2813637554 21.4
37.5821774246 32.4
30.8584271949 23.5
23.140896552 20.4
14.0564430618 13.1
19.0111812546 12.6
7.9924428725 10.4
36.2871102859 50.0
16.3047858962 23.1
17.5288290104 13.4
20.23260402 24.3
28.8725780512 25.0
6.20600890925 7.4
-1.64038654696 7.0
20.7765386256 22.0
24.5773151161 15.3
14.1946630817 8.4
18.8507213856 16.4
16.7886150171 18.1
34.2898689878 43.8
16.2220923524 8.5
17.9613465197 18.6
21.3039682049 21.1
37.3632167218 50.0
11.5951496935 11.8
15.4803965497 17.4
36.5617167346 33.3
14.5035274475 14.8
3.97022082373 8.8
22.7708085503 26.6
20.1994822453 16.8
36.412259465 30.1
8.77098234001 23.7
42.4216171843 50.0
15.9141980328 19.5
20.6396095852 16.1
21.6074553175 24.1
19.7872843338 20.4
33.0885857374 36.4
33.7410418402 41.3
23.5589471553 21.7
22.7948180511 21.7
12.1696173562 14.0
20.86744551 21.7
19.4287245653 20.4
21.5247857407 20.0
30.529748284 34.7
28.6022255322 24.5
17.0478143935 11.7
16.9305130531 14.3
20.3042620558 13.1
22.5060148544 17.4
18.6777517789 20.1
17.4753081055 19.5
21.3545088785 21.0
27.4384276509 30.1
15.7466222128 18.4
34.8661213963 34.6
20.4379450676 20.1
40.1529271867 43.5
25.8980040959 21.6
19.0478477556 18.3
22.2915089792 21.4
23.6332285586 18.9
13.2848733458 13.4
31.9844381069 30.8
25.3577861998 25.0
27.396311129 25.2
12.834815328 8.8
32.2520443382 31.1
11.4965080011 13.4
36.6235115729 48.3
22.3946738323 17.8
12.8382527916 5.6
10.8364564304 12.7
19.0624410993 16.1
20.4638421385 20.9
17.6092418334 19.9
17.3844082952 13.9
26.7700103495 22.6
19.9261337381 21.2
22.7922011231 21.2
21.3709147534 22.9
24.136382543 20.5
29.7754967766 22.8
25.6941850377 19.4
20.6837133869 21.7
26.2170547585 23.1
25.1506051092 26.5
24.6553708364 18.5
16.5413153711 20.2
18.9039944292 27.5
40.7597875432 50.0
16.1984994002 21.9
23.2802343121 23.4
30.5896591756 32.7
17.8884459358 14.9
13.0831438265 15.6
21.496611111 20.3
9.35243259172 11.9
30.4572041955 30.5
32.0243176474 31.6
38.6746901899 21.9
25.9251667393 25.0
24.0681392621 23.0
26.0489232339 17.0
8.0115029519 7.2
37.6310036263 44.8
18.3847785149 16.0
34.9191565542 38.7
20.35854927 20.4
16.9818066633 22.5
19.8102150232 21.7
12.3915674001 12.7
14.3925951543 5.0
20.5597686482 21.4
26.3154829317 23.7
23.1264252666 21.0
20.589037356 19.5
23.3640686552 20.1
29.2246378857 24.6
32.9727473219 36.1
30.9989333485 23.0
19.4760870283 18.5
31.1567645505 32.5
18.9317165357 19.1
28.6329938917 23.3
19.7285744173 18.5
25.4962510548 21.5
20.2188516307 19.3
28.3650762117 26.4
35.1853860846 31.0
26.8728382842 22.3
14.1591898361 13.3
6.32863509625 7.0
29.6793440327 22.5
23.9962511215 27.5
29.5934152178 30.1
6.3615567881 10.2
19.1149734181 20.0
24.2136958743 25.0
21.9278368036 17.8
20.5594116424 13.8
34.0558653136 32.0
28.3443369643 23.7
26.6168937663 23.8
19.2139608674 16.7
24.932731404 23.8
19.8096091322 18.8
