testDta trueData
11.1340511954 12.0
20.0292753779 15.2
20.5796498185 21.0
30.4346471874 24.0
23.3465495009 19.4
22.4011238052 22.2
22.1227962704 23.3
22.8725461607 15.6
20.2644825229 20.8
-0.0229328902381 13.8
20.2038909712 19.6
19.3795811215 27.1
36.8056862544 36.5
11.1667839376 15.2
15.0309194812 11.7
18.3864082524 14.1
16.5294100629 17.2
22.9659388869 16.8
30.9887418249 32.9
21.8465843981 21.4
37.5824834176 32.4
30.9413312737 23.5
22.851248604 20.4
13.9795978965 13.1
18.8547046009 12.6
6.29378178179 10.4
36.7494275395 50.0
16.5477098505 23.1
16.6256273295 13.4
19.9554539011 24.3
29.1206748304 25.0
4.79108645063 7.4
-6.18877873329 7.0
20.6431570949 22.0
23.4573102314 15.3
14.658754451 8.4
19.8371349367 16.4
16.8703021941 18.1
34.2172824182 43.8
16.880098838 8.5
17.187963842 18.6
20.7886726253 21.1
37.0955044687 50.0
14.0098551304 11.8
15.6499872653 17.4
36.4813292111 33.3
14.3913204711 14.8
3.06114137355 8.8
21.911513995 26.6
20.472016803 16.8
36.2323312741 30.1
9.55599713391 23.7
41.9803072477 50.0
16.5883953954 19.5
21.9981150833 16.1
20.8451630508 24.1
20.3219947107 20.4
33.0153051856 36.4
33.6612652728 41.3
24.4445461828 21.7
23.1140478519 21.7
12.7222493516 14.0
20.9226581134 21.7
20.1127733963 20.4
22.1564873224 20.0
30.232409268 34.7
28.3077192833 24.5
16.7120305797 11.7
18.0364645613 14.3
20.6941002087 13.1
22.7836503089 17.4
18.3959593276 20.1
18.1135081178 19.5
21.1403723509 21.0
26.6188309453 30.1
15.725445706 18.4
34.9141643994 34.6
20.2100075975 20.1
39.9482420202 43.5
25.7539542783 21.6
19.1849010043 18.3
22.4155833235 21.4
23.8415355698 18.9
13.6601109706 13.4
31.9417619503 30.8
25.0043464148 25.0
27.1303494716 25.2
3.27570160037 8.8
32.0933453817 31.1
13.2713886929 13.4
36.8942790916 48.3
22.7081872126 17.8
10.9011253228 5.6
10.8607250548 12.7
18.5946430707 16.1
20.3218481545 20.9
18.6993243773 19.9
17.1372687397 13.9
26.8296032194 22.6
20.3761045087 21.2
22.5470711652 21.2
20.4444697215 22.9
24.0584734449 20.5
29.5565726123 22.8
25.9992349342 19.4
20.7891005735 21.7
25.9331827678 23.1
25.2884747513 26.5
25.1370292905 18.5
16.2135565645 20.2
19.2725014242 27.5
40.8997528858 50.0
17.2164314768 21.9
23.2066310422 23.4
30.1981268513 32.7
18.5450402024 14.9
13.1957977291 15.6
21.7934135002 20.3
8.14318041958 11.9
30.4641422139 30.5
32.4282819884 31.6
39.3833071841 21.9
25.7826847076 25.0
23.572335059 23.0
25.0895218083 17.0
7.56106731761 7.2
38.0761983647 44.8
18.7285315914 16.0
34.9438626487 38.7
19.6933077281 20.4
17.2679530285 22.5
20.1203776166 21.7
13.8355926685 12.7
5.28401910577 5.0
20.7825418906 21.4
27.2292261386 23.7
23.1073617034 21.0
20.3133398348 19.5
23.7287401532 20.1
29.3898919662 24.6
33.3623721108 36.1
31.1184820824 23.0
19.4289457188 18.5
31.1964456031 32.5
19.8577657946 19.1
27.4156590721 23.3
19.4609489602 18.5
25.9909143242 21.5
20.6616110344 19.3
28.7935388717 26.4
35.1490629479 31.0
26.7752842079 22.3
15.7659447961 13.3
7.21715755046 7.0
29.6728097013 22.5
24.2174479591 27.5
29.8980496411 30.1
6.30387081629 10.2
19.3959448455 20.0
24.18063036 25.0
21.7656552073 17.8
20.8281240104 13.8
34.0934414209 32.0
28.4362590535 23.7
26.6143735017 23.8
20.5721312968 16.7
24.7628793133 23.8
20.521104154 18.8
