LR
[  4.14021605e-01   5.80690570e-02   1.50927411e-02   4.11792174e+00
  -1.17505344e+01   3.35352025e+00   5.60827719e-03  -1.32127279e+00
   2.60123950e-01  -1.40179234e-02  -9.73693726e-01   9.77208921e-03
  -6.32121555e-01]
RidgeR
[  2.19635906e-01   5.78914340e-02   6.28602298e-04   4.09572388e+00
  -7.49529663e+00   3.35314692e+00   3.05635624e-03  -1.25991548e+00
   2.66855798e-01  -1.44837148e-02  -9.35760005e-01   9.85756475e-03
  -6.37289067e-01]
Lasso
[  1.54293476e-01   5.74764994e-02   1.81357630e-03   4.03043173e+00
  -7.69820301e+00   3.34016226e+00   3.73520972e-03  -1.26200280e+00
   2.71147382e-01  -1.44379854e-02  -9.38732314e-01   9.80411903e-03
  -6.36848013e-01]
Elastic Net
[ 0.          0.0646027  -0.          0.         -0.          0.44921287
  0.03358337 -0.62828989  0.30663436 -0.01805625 -0.7696602   0.00860101
 -0.83259517]
