testDta trueData
11.1791001301 12.0
19.1854007997 15.2
21.0106225191 21.0
30.6718836249 24.0
23.2359394985 19.4
23.0756713015 22.2
22.441085203 23.3
24.0684792432 15.6
19.7526098358 20.8
0.251314589825 13.8
21.2383412576 19.6
19.0728690784 27.1
36.9215570855 36.5
10.5449248205 15.2
13.7232394685 11.7
17.1826112558 14.1
15.8194613716 17.2
22.4593398902 16.8
31.0921168267 32.9
22.289802511 21.4
37.645946579 32.4
30.8549808378 23.5
23.1616328061 20.4
14.0829401969 13.1
19.0285271995 12.6
7.99786528139 10.4
36.3491679034 50.0
16.3130275704 23.1
17.6631676767 13.4
20.2557346765 24.3
28.8347495913 25.0
6.21933432436 7.4
-1.64024458416 7.0
20.7560998183 22.0
24.6882640093 15.3
14.2117736264 8.4
18.8460885301 16.4
16.7954353764 18.1
34.3044961021 43.8
16.2120212656 8.5
17.978542649 18.6
21.2874088831 21.1
37.3995850445 50.0
11.517774013 11.8
15.4686184587 17.4
36.5670167035 33.3
14.5324963331 14.8
3.96534038773 8.8
22.7779411728 26.6
20.1852276657 16.8
36.4466007647 30.1
8.7878945733 23.7
42.5295946903 50.0
15.8767446592 19.5
20.616524851 16.1
21.6243654983 24.1
19.7520038874 20.4
33.099676496 36.4
33.7587170802 41.3
23.5969675962 21.7
22.822280589 21.7
12.1544274005 14.0
20.8677478725 21.7
19.3838333434 20.4
21.4666069352 20.0
30.4922345543 34.7
28.5875982292 24.5
17.0550202004 11.7
16.919285598 14.3
20.308650401 13.1
22.5043489873 17.4
18.6930509568 20.1
17.4282069092 19.5
21.3822940873 21.0
27.4315782695 30.1
15.735053401 18.4
34.8652563995 34.6
20.4287143633 20.1
40.2108275468 43.5
25.8957954869 21.6
19.0427516271 18.3
22.2673028808 21.4
23.5902703497 18.9
13.2937556611 13.4
31.9916416778 30.8
25.3899042914 25.0
27.431836782 25.2
12.8679364626 8.8
32.2529129624 31.1
11.4604498417 13.4
36.6397129461 48.3
22.41400851 17.8
12.8612149911 5.6
10.8623312752 12.7
19.1327757738 16.1
20.4579049451 20.9
17.6033026956 19.9
17.4012790719 13.9
26.7355187632 22.6
19.8673375603 21.2
22.7884769539 21.2
21.387456392 22.9
24.0910868923 20.5
29.8210622969 22.8
25.6784072213 19.4
20.6667789901 21.7
26.206543064 23.1
25.1341356656 26.5
24.614732444 18.5
16.5932587716 20.2
18.8942768849 27.5
40.8174352928 50.0
16.166434688 21.9
23.2988310753 23.4
30.5547967301 32.7
17.8895180887 14.9
13.0914923317 15.6
21.4568825819 20.3
9.33833078156 11.9
30.4522802826 30.5
32.0232431711 31.6
38.767705889 21.9
25.9515749404 25.0
24.1046437927 23.0
26.1731683185 17.0
8.01452227829 7.2
37.6387245651 44.8
18.3475922613 16.0
34.9214176524 38.7
20.4020826699 20.4
16.9657276116 22.5
19.793350981 21.7
12.3638299163 12.7
14.4406133724 5.0
20.577274085 21.4
26.302584586 23.7
23.1084206659 21.0
20.5558129632 19.5
23.3307656812 20.1
29.1756704268 24.6
32.9675675163 36.1
31.0191639615 23.0
19.4678150453 18.5
31.1269610763 32.5
18.9147330226 19.1
28.7001593305 23.3
19.6836221736 18.5
25.5050603099 21.5
20.1846079473 19.3
28.3583105341 26.4
35.2345475185 31.0
26.900730994 22.3
14.1227572609 13.3
6.25954557544 7.0
29.6811499446 22.5
23.9797169956 27.5
29.5974873247 30.1
6.35274927426 10.2
19.1244898551 20.0
24.2196856582 25.0
22.011436469 17.8
20.5654235306 13.8
34.0645920256 32.0
28.3420611276 23.7
26.6393120848 23.8
19.1902542635 16.7
24.935692452 23.8
19.7525593073 18.8
